<?xml version="1.0" encoding="UTF-8" standalone="no"?>
<!-- Caetano Ramos -->

<svg
   xmlns:dc="http://purl.org/dc/elements/1.1/"
   xmlns:cc="http://creativecommons.org/ns#"
   xmlns:rdf="http://www.w3.org/1999/02/22-rdf-syntax-ns#"
   xmlns:svg="http://www.w3.org/2000/svg"
   xmlns="http://www.w3.org/2000/svg"
   xmlns:sodipodi="http://sodipodi.sourceforge.net/DTD/sodipodi-0.dtd"
   xmlns:inkscape="http://www.inkscape.org/namespaces/inkscape"
   version="1.1"
   id="svg2"
   width="1107.4532"
   height="1048.1332"
   viewBox="0 0 1107.4532 1048.1332"
   sodipodi:docname="amigacdtv.svg"
   inkscape:version="0.92.4 (5da689c313, 2019-01-14)">
  <metadata
     id="metadata8">
    <rdf:RDF>
      <cc:Work
         rdf:about="">
        <dc:format>image/svg+xml</dc:format>
        <dc:type
           rdf:resource="http://purl.org/dc/dcmitype/StillImage" />
        <dc:title></dc:title>
      </cc:Work>
    </rdf:RDF>
  </metadata>
  <defs
     id="defs6" />
  <sodipodi:namedview
     pagecolor="#ffffff"
     bordercolor="#666666"
     borderopacity="1"
     objecttolerance="10"
     gridtolerance="10"
     guidetolerance="10"
     inkscape:pageopacity="0"
     inkscape:pageshadow="2"
     inkscape:window-width="1600"
     inkscape:window-height="837"
     id="namedview4"
     showgrid="false"
     inkscape:pagecheckerboard="true"
     showguides="false"
     inkscape:zoom="0.15311418"
     inkscape:cx="2851.732"
     inkscape:cy="446.16083"
     inkscape:window-x="-8"
     inkscape:window-y="-8"
     inkscape:window-maximized="1"
     inkscape:current-layer="g67" />
  <g
     id="g47"
     transform="translate(2534.095,370.77672)">
    <g
       id="g67">
      <g
         id="g825"
         transform="translate(-2305.469,-6.5310736)">
        <path
           id="path720"
           transform="translate(-970.60907,-559.42145)"
           d="m 1417.4629,198.80273 c -59.7159,0.0468 -57.0084,3.36878 -65.0234,26.01563 l -6.2364,17.62305 h 117.918 117.916 l -1.2324,-5.19532 c -4.2206,-17.78468 -8.6226,-29.85131 -12.1914,-33.42187 -3.772,-3.77384 -11.6587,-4.15211 -98.9375,-4.72852 -21.3283,-0.14085 -38.4323,-0.30375 -52.2129,-0.29297 z m 50.8926,57.03321 c -65.8781,0 -131.7571,1.30828 -133.9278,3.92383 -2.5497,3.07215 12.5884,3.46289 133.9278,3.46289 121.3394,0 136.4756,-0.39074 133.9257,-3.46289 -2.1705,-2.61555 -68.0477,-3.92383 -133.9257,-3.92383 z m -148.6836,21.24023 -6.4766,6.20508 c -3.562,3.4126 -6.4765,7.56894 -6.4765,9.23633 -1e-4,1.66738 -1.7369,3.03125 -3.8594,3.03125 -4.784,0 -12.3047,6.57092 -12.3047,10.75 0,1.70815 -1.377,3.10547 -3.0606,3.10547 -1.6837,0 -5.2456,2.33782 -7.916,5.19531 -4.1053,4.39287 -4.3967,5.81965 -1.8808,9.23633 1.6366,2.22249 3.6353,4.04101 4.4414,4.04101 2.5763,0 24.5801,-22.53363 24.5801,-25.17187 0,-1.39596 0.9652,-2.53711 2.1445,-2.53711 1.1793,0 3.7363,-1.59178 5.6816,-3.53711 3.1035,-3.10347 22.0132,-3.54143 154.2949,-3.57813 l 150.7598,-0.043 19.5234,18.89648 c 10.7383,10.39334 19.9232,17.70144 20.4102,16.24023 1.082,-3.24598 -8.7755,-14.02868 -12.875,-14.08398 -1.6274,-0.0219 -3.5886,-1.85954 -4.3594,-4.08203 -0.7708,-2.22249 -7.7221,-10.53519 -15.4472,-18.47266 l -14.045,-14.43164 h -146.5683 z m 284.9121,28.86328 -135.6563,0.8125 c -74.6102,0.44687 -135.966,1.10462 -136.3457,1.46094 -0.3797,0.35633 2.0204,14.0175 5.3321,30.35938 5.4782,27.03246 13.5738,69.97635 16.4843,87.4414 0.635,3.80999 1.5637,8.225 2.0645,9.8125 0.7122,2.25725 25.4892,2.88672 113.6777,2.88672 h 112.7676 l 2.6074,-19.05078 c 2.4284,-17.7383 4.82,-32.13837 13.1328,-79.08594 1.7989,-10.15996 3.871,-22.10958 4.6036,-26.55469 z m -285.8067,8.1836 c -1.1593,0.23635 -7.7786,6.07857 -15.3789,13.61133 l -14.7402,14.60937 10.2559,29.13477 c 5.641,16.02387 13.9815,40.2273 18.5351,53.78515 l 8.2793,24.65039 6.082,-2.57617 c 3.3446,-1.4166 6.9744,-3.32391 8.0665,-4.23828 1.0921,-0.91439 0.2689,-11.36665 -1.8282,-23.22852 -4.4456,-25.14447 -11.9906,-68.21443 -15.7129,-89.68554 -1.4311,-8.25497 -2.9617,-15.46932 -3.4004,-16.03321 -0.027,-0.0352 -0.081,-0.0451 -0.1582,-0.0293 z m 301.2989,2.64453 c -0.3781,0.0387 -0.7083,0.18088 -0.9707,0.44336 -0.8455,0.84549 -2.831,10.60456 -4.4121,21.6875 -6.6404,46.5474 -12.2346,83.19836 -14.2774,93.5332 -1.9721,9.97721 -1.7102,11.3681 2.7285,14.48438 7.3857,5.18522 11.0289,3.22499 14.2403,-7.66407 1.5981,-5.41884 3.6644,-11.65433 4.5937,-13.85547 0.9293,-2.20114 5.6289,-14.91308 10.4414,-28.24804 4.8124,-13.33495 10.9099,-29.94506 13.5508,-36.91211 2.6409,-6.96705 4.8008,-13.41102 4.8008,-14.32031 0,-2.91193 -16.755,-18.03907 -19.9805,-18.03907 -1.7101,0 -3.1094,-1.43215 -3.1094,-3.18164 0,-3.44096 -4.9591,-8.19872 -7.6054,-7.92773 z m -521.4824,4.9668 c -37.6404,-0.17778 -75.6046,7.30939 -77.7325,18.17382 -0.8513,4.34681 12.2483,10.8622 29.5489,14.69727 17.1036,3.79139 69.3448,3.85526 86.8105,0.10547 15.6995,-3.37061 31.4087,-10.37627 32.7109,-14.58789 1.1493,-3.71694 -13.8637,-11.05439 -29.4668,-14.40235 -12.4628,-2.67415 -27.1422,-3.91677 -41.871,-3.98632 z m 168.8339,14.74218 -5.7539,6.21094 c -3.1652,3.4153 -5.7558,8.12621 -5.7558,10.4707 0,3.02907 -5.0702,6.70201 -17.5196,12.69141 l -17.5195,8.42969 1.9199,12.01172 c 2.3725,14.85212 2.4869,32.68518 0.2735,42.60742 l -1.6739,7.50586 h 15.7403 15.7402 l 4.4063,14.43164 c 2.7155,8.89336 4.4062,21.2984 4.4062,32.32617 0,11.68234 0.8998,17.89648 2.5898,17.89648 1.4263,0 7.1385,4.04782 12.6993,8.9961 9.4387,8.39906 13.5742,9.85064 13.5742,4.76562 0,-1.17046 4.3672,-11.23991 9.7051,-22.37695 10.4882,-21.88271 12.363,-36.47764 6.457,-50.26758 -4.5668,-10.66277 -20.6806,-56.42946 -24.1152,-68.49023 -1.6857,-5.91986 -5.7897,-16.71386 -9.1192,-23.98633 z m 406.793,4.34571 c -0.1662,-0.007 -0.3124,0.0522 -0.4336,0.18164 -1.6878,1.80225 -3.8947,7.26381 -20.8183,51.52734 -4.1289,10.79496 -11.4676,29.9168 -16.3126,42.49414 -4.8442,12.57734 -8.2379,23.79308 -7.539,24.92383 0.6988,1.13075 0.1385,3.42155 -1.2461,5.08984 -1.8905,2.27796 0.1938,8.72209 8.3711,25.87696 6.4077,13.44254 11.2329,21.17877 11.7246,18.80078 0.4596,-2.22249 2.1902,-4.04102 3.8457,-4.04102 4.1583,0 12.8911,-21.13923 11.2793,-27.30273 -0.9464,-3.6192 -0.2762,-5.02344 2.3965,-5.02344 2.3584,0 7.5044,-7.55398 14.125,-20.73633 10.027,-19.96481 10.414,-21.5038 10.414,-41.41211 0,-21.80216 -4.1691,-46.3173 -10.6152,-62.42773 -1.8588,-4.64549 -4.0282,-7.90295 -5.1914,-7.95117 z m -665.4961,5.56445 c -2.0265,-0.013 -3.4547,5.56359 -3.8516,15.74219 -0.2806,7.19668 -1.151,16.27321 -1.9335,20.17187 -2.6304,13.10597 13.082,25.51059 39.3886,31.0957 5.08,1.07852 28.4602,1.70119 51.9551,1.38477 38.2355,-0.51494 44.3538,-1.15184 58.3047,-6.07813 8.5724,-3.02708 15.5859,-6.34629 15.5859,-7.375 0,-1.0287 1.2176,-1.86914 2.7051,-1.86914 1.4875,0 4.6034,-1.72043 6.9258,-3.82226 3.5451,-3.20821 4.2226,-7.46116 4.2226,-26.50586 v -22.68555 l -10.9668,7.45703 c -6.0325,4.10131 -11.488,7.97634 -12.123,8.61133 -0.635,0.635 -5.5895,3.56791 -11.0098,6.51953 -13.2497,7.21499 -31.098,8.84273 -46.8906,4.27344 -6.8897,-1.99343 -21.3594,-4.72855 -32.1543,-6.07812 -30.6954,-3.8375 -53.157,-11.17587 -57.9492,-18.92969 -0.7927,-1.28255 -1.5335,-1.90778 -2.209,-1.91211 z m 697.9766,28.28906 c -2.5184,-0.0257 -2.8203,3.72282 -2.8203,21.17969 v 22.10742 l 15.5859,-1.40625 c 18.0009,-1.62363 51.7934,1.8288 69.0449,7.05274 6.5416,1.98088 16.9316,7.03911 23.0899,11.24218 6.1583,4.20306 11.5294,7.41271 11.9355,7.13086 2.2035,-1.52931 -10.5594,-21.29648 -19.1269,-29.62304 -11.6675,-11.3395 -35.0994,-24.44727 -43.7032,-24.44727 -3.3148,0 -6.0254,-0.84119 -6.0254,-1.87109 0,-2.05392 -16.0294,-6.30143 -32.3281,-8.56641 -5.7149,-0.7942 -12.2091,-1.95813 -14.4316,-2.58594 -0.4559,-0.12876 -0.861,-0.20922 -1.2207,-0.21289 z m -506.1426,1.69141 c -6.7141,0 -6.9844,0.39363 -6.9844,10.15234 0,8.66455 -1.1562,11.16549 -7.8926,17.08008 -10.5792,9.28868 -27.716,15.37732 -55.8828,19.85351 -28.7051,4.56199 -48.2259,4.63239 -78.2343,0.28126 -26.4487,-3.8352 -36.3492,-6.43401 -44.2657,-11.6211 -7.87902,-5.16303 -14.59719,-17.08759 -14.60739,-25.93164 -0.008,-6.70966 -0.7044,-7.50586 -6.58985,-7.50586 -12.24099,0 -30.36328,8.43535 -30.36328,14.13281 0,8.45405 34.87851,31.9839 47.56052,32.08594 2.417,0.0195 5.9525,1.04234 7.8574,2.27344 2.0929,1.35249 41.5863,2.25204 99.7872,2.27344 111.0195,0.0408 101.1035,2.4987 101.1035,-25.0625 0,-21.82143 -2.5386,-28.01172 -11.4883,-28.01172 z m -254.05665,11.54492 -31.75,0.18359 -31.75,0.1836 14.13282,3.07422 c 16.35676,3.55777 22.55222,6.9186 26.56054,14.4082 4.62628,8.64429 0.25038,17.12497 -11.83398,22.9375 -11.66979,5.61312 -12.16869,5.26004 13.85937,9.79297 70.38196,12.25741 90.9636,80.92336 33.87696,113.02148 -21.13651,11.88442 -34.72358,15.1137 -63.89649,15.1875 -29.82833,0.0755 -50.5363,-5.21006 -68.5332,-17.49219 -5.30881,-3.62304 -10.76438,-6.58789 -12.12305,-6.58789 -1.35867,0 -2.4707,-2.5043 -2.4707,-5.5664 0,-3.26589 -2.67752,-7.8212 -6.47852,-11.01953 -6.40985,-5.39353 -6.46215,-5.65432 -4.875,-24.12305 1.88641,-21.95101 3.09282,-24.61821 16.92383,-37.36719 10.92482,-10.07015 27.48025,-18.84627 45.23047,-23.98047 5.71498,-1.65304 9.87133,-4.03392 9.23633,-5.28906 -0.635,-1.25513 -6.09347,-3.95289 -12.12891,-5.99609 -12.41169,-4.20177 -20.22228,-10.3065 -20.14648,-15.7461 0.0668,-4.79532 6.63766,-12.8224 13.28906,-16.23047 20.29889,-10.40081 -34.06173,-8.54083 -62.22852,2.12891 -6.76635,2.56313 -16.41382,8.14929 -21.4375,12.41406 l -9.13281,7.75391 4.23438,27.45117 c 7.47334,48.44913 21.87959,83.48879 37.39648,90.95313 3.96011,1.90499 8.11645,5.54204 9.23633,8.08203 2.58039,5.85261 29.68735,19.36906 44.14453,22.01172 15.44391,2.82302 73.34484,0.78163 87.21289,-3.07422 16.46447,-4.57775 31.17709,-11.47303 39.50977,-18.51758 5.62946,-4.75921 6.94133,-7.40723 6.03125,-12.16797 -0.99105,-5.18436 -0.50427,-5.87512 3.29297,-4.66992 6.9728,2.21308 10.62373,-14.97954 11.80863,-55.61328 l 1.0234,-35.08399 -12.36719,-0.70703 c -10.70576,-0.61154 -12.46256,-1.38536 -13.08594,-5.76562 -0.44295,-3.11236 -4.57048,-7.31531 -10.72461,-10.92188 -13.2528,-7.76666 -22.03711,-18.49565 -22.03711,-26.91406 z m -64.89648,14.42969 c -0.6649,-0.013 -1.32482,-0.012 -1.97656,0.002 -1.4897,0.0318 -2.93565,0.13596 -4.29493,0.32227 -12.50088,1.71344 -16.27452,5.90222 -8.97265,9.96093 9.41099,5.23106 36.26758,2.49475 36.26758,-3.69531 0,-3.27025 -11.04991,-6.39544 -21.02344,-6.58984 z m 826.37893,31.75195 1.5254,8.66016 c 2.944,16.72007 8.684,32.02022 23.1699,61.76757 8.0398,16.50995 16.6708,34.69323 19.1797,40.40821 2.509,5.71498 6.8426,15.58752 9.6308,21.9375 2.7882,6.34998 8.6896,20.89621 13.1153,32.32617 4.4257,11.42997 9.42,23.899 11.0976,27.70898 9.5976,21.79709 31.7526,94.3782 40.8809,133.92774 l 5.3301,23.08984 1.5996,-19.62695 c 0.8803,-10.79497 2.8636,-35.21373 4.4062,-54.26367 3.1104,-38.41049 1.9801,-110.43396 -2.3359,-148.93555 -4.855,-43.31052 -18.6107,-94.67193 -25.3555,-94.67187 -1.3414,-10e-6 -2.4394,-1.5579 -2.4394,-3.4629 0,-1.90499 -1.3087,-3.46484 -2.9082,-3.46484 -1.5995,0 -4.1343,-1.96372 -5.6329,-4.36328 -6.0652,-9.71195 -50.1165,-20.95613 -82.3476,-21.01953 z m -11.2207,6.84375 c -0.3801,-0.0544 -0.7205,0.37517 -1.0449,1.23828 -0.9561,2.53999 -8.3411,18.49306 -16.4141,35.45117 -8.0729,16.95811 -14.6777,31.30452 -14.6777,31.88086 0,0.57635 2.3082,-0.56986 5.1308,-2.54687 9.962,-6.97765 16.3634,-4.71295 26.2149,9.27148 4.9845,7.07567 10.3617,14.27446 11.9492,15.99805 1.5875,1.72359 2.8867,3.73713 2.8867,4.47461 0,0.73749 5.7142,10.01902 12.6992,20.625 6.985,10.60598 12.7012,19.90239 12.7012,20.6582 0,0.7558 2.5759,5.16871 5.7246,9.8086 7.8887,11.62454 35.8379,68.90687 35.8379,73.44921 0,2.03319 4.9253,13.6115 10.9453,25.73047 6.0201,12.11895 11.3133,20.93316 11.7617,19.58789 0.8042,-2.41251 -6.9824,-27.13547 -20.0918,-63.79687 -6.0616,-16.95154 -11.1254,-29.53657 -29.6133,-73.5918 -6.5426,-15.59043 -15.4819,-34.86918 -32.705,-70.5332 -6.4678,-13.39295 -13.7506,-32.61483 -16.1856,-42.7168 -2.4823,-10.29822 -3.9789,-14.82505 -5.1191,-14.98828 z m -941.1094,1.23828 -5.3086,16.94336 c -5.24878,16.75636 -5.46084,33.97954 -0.5,40.55078 1.05549,1.39812 3.33599,6.18002 5.06836,10.625 4.20524,10.78996 14.84085,28.16616 27.38086,44.73633 17.52411,23.15608 51.15943,44.23537 81.75586,51.23633 17.82973,4.07973 63.86926,2.77049 83.17383,-2.36524 53.58709,-14.25619 65.77279,-36.29401 71.78519,-129.82422 1.0532,-16.38363 0.6221,-19.61003 -3.2422,-24.24609 -4.4415,-5.32845 -4.4579,-5.21408 -4.5469,31.59961 -0.097,39.94233 -1.6553,49.26379 -10.1641,60.79688 -14.68762,19.90937 -39.16414,31.10218 -76.99996,35.21679 -46.9676,5.10768 -88.12564,-0.43293 -111.08594,-14.95703 -27.29057,-17.26333 -45.73548,-53.53231 -55.31445,-108.76562 z m 475.8516,3.58789 c -6.0514,-0.11792 -12.8997,1.1482 -17.8418,3.71485 -6.3928,3.32003 -19.3071,3.98588 -95.7129,4.93359 l -88.3223,1.09375 -0.1113,16.42578 c -0.062,9.03411 -0.9717,26.81762 -2.0215,39.51758 -1.0497,12.69996 -1.4221,23.92575 -0.8281,24.94726 0.594,1.02151 3.5439,0.24354 6.5566,-1.73046 6.9096,-4.52742 13.2539,-4.54678 21.918,-0.0664 5.5229,2.85604 6.8125,5.01255 6.8125,11.39453 0,12.87746 -3.6062,19.32466 -12.0313,21.50781 -12.1281,3.14272 -18.0591,0.87205 -22.0996,-8.45703 l -3.6133,-8.3418 -2.4355,6.92774 c -1.3398,3.80998 -6.0956,13.68057 -10.5684,21.93555 l -8.1328,15.00976 -1.2168,133.92578 c -0.6692,73.65975 -1.6417,132.36984 -2.16209,130.46485 -0.52034,-1.905 -1.01335,-61.34004 -1.09375,-132.07618 -0.1013,-89.11486 -0.91415,-129.38156 -2.64844,-131.11914 -1.8001,-1.80355 -6.2493,-0.53535 -15.84765,4.51368 -7.34017,3.86115 -17.38462,7.66582 -22.32031,8.45507 l -8.97461,1.43555 v 248.80274 c 0,206.04097 0.53597,249.24837 3.11718,251.39057 2.44435,2.0287 5.80716,-0.2952 15.58594,-10.7695 6.85817,-7.346 13.62195,-15.3969 15.0293,-17.8906 2.46275,-4.3638 5.90248,-4.5601 91.61723,-5.2363 l 89.0586,-0.7032 5.5351,8.1465 c 3.0446,4.4805 10.0396,13.3768 15.5449,19.7695 10.8547,12.6043 13.7388,13.7388 8.2364,3.2422 -6.9622,-13.2812 -26.3783,-57.7366 -30.1387,-69.0078 -14.2486,-42.70818 -16.1121,-112.42589 -4.1465,-155.09567 2.077,-7.4068 3.5979,-16.58454 3.3809,-20.39453 -0.217,-3.80999 -0.545,-9.52423 -0.7286,-12.69922 -0.5488,-9.49333 9.5738,-30.1316 15.9727,-32.56445 4.6265,-1.75901 5.1466,-2.76003 2.8613,-5.51368 -2.256,-2.71832 -1.0478,-6.59728 6.2774,-20.16796 4.9879,-9.24047 12.1055,-21.34292 15.8183,-26.89454 3.7127,-5.55161 8.31,-12.62814 10.2149,-15.72656 6.9647,-11.32784 45.5779,-48.72035 65.8086,-63.72851 26.6371,-19.76074 45.4439,-29.64226 75.2988,-39.5586 49.2185,-16.348 93.8361,-22.05792 139.8672,-17.90039 70.2502,6.34502 131.7563,30.6671 178.543,70.60352 6.8277,5.82799 14.2935,10.5957 16.5917,10.5957 2.2993,0 4.1797,1.56334 4.1797,3.47461 0,1.91127 9.1222,14.78198 20.2715,28.59961 29.0533,36.00673 50.9917,77.35839 63.2266,119.17187 3.363,11.49355 4.9264,24.40089 5.4082,44.67579 0.6609,27.80898 3.4554,38.73818 7.4219,29.02343 3.5517,-8.69913 1.8158,-86.32054 -2.4082,-107.66601 -15.701,-79.3449 -58.9478,-139.62303 -130.8653,-182.40235 -67.0376,-39.87656 -141.1178,-57.33063 -214.5761,-50.55859 -15.4682,1.42599 -26.9092,1.73634 -29.4825,0.85156 l 0.4492,-0.0918 -0.7167,-0.004 c -0.1273,-0.0639 -0.2206,-0.13261 -0.2676,-0.20703 -0.7282,-1.15258 -3.4014,-2.55717 -5.9414,-3.1211 -2.54,-0.56393 3.6935,-1.76998 13.8535,-2.67968 10.16,-0.9097 27.3046,-2.69585 38.0996,-3.96875 32.718,-3.85798 91.6898,5.13524 132.7734,20.24804 8.8899,3.27023 20.6599,7.18489 26.1563,8.69727 5.4964,1.51238 10.6913,3.71933 11.5449,4.9043 2.0641,2.86521 35.3952,19.47465 39.0762,19.47265 1.5875,-8.6e-4 2.8847,0.9495 2.8847,2.11133 0,1.16183 5.4556,6.0435 12.1231,10.84766 6.6675,4.80417 15.5353,11.6461 19.707,15.20507 4.1716,3.55896 9.6272,6.47071 12.1231,6.47071 2.8997,0 4.539,1.56554 4.539,4.33593 0,2.38447 1.72,5.7609 3.8242,7.50391 6.2372,5.16655 34.1523,39.63495 37.1641,45.88867 1.5291,3.17499 5.393,9.92783 8.5879,15.00782 6.7608,10.74987 5.9868,8.97049 13.5547,31.17382 11.4784,33.67662 17.5663,68.03036 17.8789,100.88672 l 0.1953,20.33985 3.1172,-13.85547 c 14.4,-63.99003 5.9107,-135.51226 -22.7481,-191.6543 -29.4313,-57.65513 -69.8902,-102.70487 -122.0781,-135.93359 l -13.166,-8.38282 h -174.5391 c -168.7158,0 -174.8344,0.15052 -183.3984,4.51954 -4.8727,2.48589 -9.4728,6.12294 -10.2246,8.08203 -0.7518,1.95909 -3.2767,3.56054 -5.6094,3.56054 -5.2222,0 -28.9754,19.45065 -48.834,39.98633 -15.537,16.06671 -37.123,45.87578 -37.123,51.26563 0,1.73142 -1.1312,3.84865 -2.5137,4.70312 -3.598,2.22369 -22.8867,42.54908 -22.8867,47.84766 0,2.44024 -1.5069,7.71097 -3.3496,11.71289 -9.1649,19.90407 -19.9076,83.20729 -19.4551,114.64844 0.1371,9.52497 0.6991,15.2392 1.2481,12.69921 12.3564,-57.16714 32.253,-106.92441 53.2832,-133.24609 16.0073,-20.03495 33.5724,-39.92477 36.2871,-41.08984 1.4796,-0.635 6.7851,-4.53379 11.789,-8.66407 27.5177,-22.71333 46.9355,-34.01062 94.5332,-55 12.5608,-5.53899 51.97,-15.59842 53.8282,-13.74023 0.663,0.66308 0.026,1.20508 -1.4161,1.20508 -1.4419,0 -2.0736,1.43032 -1.4023,3.17969 0.8392,2.18686 -1.3022,3.65582 -6.8535,4.69726 -22.6449,4.2482 -62.6493,20.72034 -90.9824,37.46289 -34.1105,20.15651 -77.0757,58.35354 -94.4493,83.96875 -23.9429,35.30062 -40.4685,83.08713 -50.58,146.25586 -2.2037,13.76645 -5.3974,26.42278 -7.0977,28.12305 -1.7002,1.70027 -3.0918,7.1882 -3.0918,12.19531 0,13.66566 6.5803,71.95604 11.5215,102.06051 2.3972,14.6049 5.0475,32.4121 5.8887,39.5703 l 1.5293,13.0137 -47.6875,1.7031 c -61.651,2.2016 -100.1795,0.8395 -103.01566,-3.6425 -2.55419,-4.0363 -2.53383,-57.0321 0.0274,-71.42581 1.29256,-7.26437 1.93656,1.59449 2.13866,29.44141 l 0.289,39.832 h 71.8829 71.8848 l -1.4824,-8.6601 c -4.8498,-28.3205 -11.0342,-74.35837 -15.1211,-112.56839 -5.4456,-50.91334 -10.3929,-159.51148 -8.1349,-178.57617 0.8518,-7.19187 6.1677,-25.02591 11.8125,-39.63086 11.9278,-30.86171 53.6311,-112.90348 82.75,-162.79102 29.2591,-50.12733 35.8005,-64.48541 35.7345,-78.44336 -0.075,-15.86019 -3.4995,-29.36741 -8.3418,-32.9082 -2.4675,-1.80425 -6.6918,-2.7325 -11.3984,-2.82422 z m -334.64262,6.80274 c -21.57245,0 -37.43345,5.64829 -49.35742,17.57226 -9.58447,9.58447 -10.06904,10.69241 -8.96094,20.52344 0.64428,5.71603 2.58367,12.09345 4.3086,14.17187 5.17034,6.22988 20.99226,15.41174 32.0664,18.60743 33.58789,9.69251 78.50977,-10.15092 78.50977,-34.67969 0,-7.94242 -1.45545,-10.67072 -10.10352,-18.95703 -12.15082,-11.64253 -27.23243,-17.23828 -46.46289,-17.23828 z m 617.67382,2.60351 c -13.6019,0 -27.2047,0.0958 -37.5234,0.28711 -20.6374,0.38269 -3.7514,0.69727 37.5234,0.69727 41.2749,0 58.159,-0.31458 37.5215,-0.69727 -10.3187,-0.19135 -23.9196,-0.28711 -37.5215,-0.28711 z m -561.85155,4.26563 c -1.67401,0.16826 0.36944,4.05392 7.09375,11.18359 1.64261,1.74164 2.88672,8.97814 2.88672,16.79492 0,19.63548 -6.68568,29.43468 -26.85352,39.36328 -14.58672,7.18102 -16.90846,7.62155 -39.92188,7.58985 -21.34181,-0.0294 -26.0423,-0.78253 -37.13476,-5.95313 -29.82691,-13.90343 -40.31905,-38.73023 -25.28906,-59.83789 7.69595,-10.80797 3.82048,-10.50185 -7.41602,0.58594 -13.81235,13.62955 -18.36671,21.41284 -18.50781,31.63672 -0.13222,9.58044 5.70486,22.86763 10.92578,24.87109 1.83859,0.70553 3.3418,2.63182 3.3418,4.28125 0,7.12813 28.11023,20.65906 56.57422,27.23242 2.53999,0.58658 9.48772,1.18667 15.4414,1.33399 18.30155,0.45287 57.29297,-10.38729 57.29297,-15.92774 0,-1.25295 2.04531,-2.27734 4.54297,-2.27734 5.74562,0 18.79552,-12.92498 23.89062,-23.66211 7.78107,-16.39737 2.84306,-33.06001 -14.41796,-48.6543 -6.60122,-5.9638 -10.97216,-8.70901 -12.44922,-8.56054 z m 631.66215,9.17187 -117.4551,0.63867 c -141.9284,0.77203 -132.3165,-1.17641 -145.2871,29.43946 -4.5879,10.82934 -9.8133,22.6331 -11.6133,26.22851 -1.8001,3.59541 -3.2734,7.49113 -3.2734,8.65821 0,1.26968 64.9215,2.12109 161.6367,2.12109 140.65,0 161.6347,-0.43976 161.6347,-3.39258 0,-3.45636 -7.9667,-19.06261 -11.7636,-23.04492 -1.1503,-1.20649 -2.0899,-4.06556 -2.0899,-6.35156 0,-2.28599 -1.5598,-4.15625 -3.4648,-4.15625 -2.2305,0 -3.4751,-2.26029 -3.4981,-6.34961 -0.047,-8.42383 -1.5243,-10.2631 -14.1269,-17.58008 z m -481.3946,16.75391 c 2.5263,-0.0103 5.64,0.22928 9.8028,0.64062 20.1936,1.99546 21.4658,2.48645 27.4511,10.58203 4.4011,5.95287 5.2158,10.05384 5.3399,26.86914 0.1637,22.16958 -0.9275,23.966 -20.0918,33.125 -12.1722,5.81741 -21.0403,5.63789 -33.5684,-0.67968 -14.0968,-7.1086 -21.5345,-21.23315 -19.7422,-37.49024 1.427,-12.94429 6.1994,-20.61705 17.7325,-28.50586 4.8017,-3.28438 7.5184,-4.51841 13.0761,-4.54101 z m 5.8418,19.06055 c -5.6081,0.0996 -11.349,3.80385 -15.2422,10.39453 -4.6283,7.83508 -2.2405,17.20191 6.045,23.71289 6.0114,4.7239 9.4136,5.02231 16.1484,1.41797 16.1124,-8.62309 16.2964,-22.96179 0.4277,-33.35938 -2.3082,-1.51241 -4.8297,-2.21127 -7.3789,-2.16601 z m 571.6582,10.49023 c -1.378,0 -6.4473,4.31282 -11.2656,9.58398 l -8.7617,9.58399 11.8691,6.00195 c 7.3144,3.69894 20.749,14.95849 35.0059,29.33985 12.7244,12.8354 23.5088,23.0263 23.9648,22.64648 0.456,-0.37982 -1.3625,-3.76764 -4.041,-7.5293 -2.6785,-3.76166 -4.8711,-7.59335 -4.8711,-8.51562 0,-0.92227 -3.637,-6.74064 -8.082,-12.92774 -4.4449,-6.18709 -8.082,-11.81254 -8.082,-12.50195 0,-3.10022 -23.5002,-35.68164 -25.7364,-35.68164 z m -933.19138,21.90625 c -0.61948,1.25303 -1.2378,120.03009 -1.38281,267.15039 l -0.26758,271.73635 7.5039,5.2578 c 4.12749,2.892 8.86393,7.12 10.52344,9.3945 1.65951,2.2745 5.51788,4.1348 8.57617,4.1348 3.0683,0 6.59798,1.9358 7.87305,4.3183 2.3484,4.388 17.37965,11.1616 38.25977,17.2403 6.34997,1.8487 15.44259,3.4692 20.20507,3.6015 l 8.65821,0.2403 V 869.83789 619.7832 l -12.33985,-6.05273 c -11.13366,-5.46045 -27.54486,-15.63977 -42.9707,-26.6543 -3.11619,-2.22505 -9.87094,-8.64728 -15.00977,-14.27148 -5.13877,-5.6242 -12.20087,-13.19325 -15.69335,-16.82031 -3.49249,-3.62708 -6.34961,-7.54589 -6.34961,-8.70899 0,-1.1631 -1.44165,-2.94534 -3.20508,-3.96094 -1.76343,-1.01561 -3.72232,-3.92485 -4.35156,-6.46484 -0.01,-0.0397 -0.0195,-0.0511 -0.0293,-0.0312 z m 192.3125,84.94336 -11.87891,2.1582 c -6.53381,1.18756 -20.20769,1.82445 -30.38476,1.41602 l -18.50196,-0.74219 1.51563,70.42773 c 0.8337,38.73487 1.51753,150.63088 1.51953,248.65821 l 0.004,178.23051 8.08203,-1.0079 c 4.44498,-0.5552 11.45847,-1.4242 15.58593,-1.9296 4.12748,-0.5053 13.47878,-2.6565 20.78126,-4.7813 l 13.27734,-3.8633 V 866.04492 Z m 531.15428,58.43555 c -68.9628,-0.11412 -145.5729,25.21082 -196.8984,67.41796 -7.2934,5.99764 -13.2674,12.6105 -13.2774,14.69532 -0.01,2.11281 -2.5778,4.43424 -5.8047,5.24414 -3.5381,0.88802 -13.0047,10.16404 -24.3437,23.85547 -20.8976,25.23289 -38.9406,59.28222 -49.8691,94.10937 -6.2384,19.88095 -6.5217,22.78496 -6.5547,66.96485 -0.032,44.11989 0.2592,47.15996 6.5332,68.11722 7.6778,25.6457 24.0346,59.4768 39.1972,81.0742 11.863,16.8975 16.6163,21.5925 21.9161,21.6445 1.9705,0.019 4.3708,3.0751 5.3847,6.8535 1.8963,7.0666 25.6831,30.7676 36.418,36.2871 3.2843,1.6886 6.49,3.7397 7.125,4.5586 2.7133,3.499 40.3628,25.0745 48.1035,27.5664 4.6584,1.4997 9.5073,3.4907 10.7773,4.4239 2.4834,1.8248 25.7982,9.4181 42.7188,13.914 15.0982,4.0117 50.181,9.0966 63.0918,9.1446 9.3481,0.035 11.0151,0.6903 10.3711,4.082 -1.0862,5.72 -16.5735,6.2886 -47.3184,1.7344 -70.9982,-10.5167 -126.3565,-38.1458 -175.1621,-87.42 -41.9811,-42.3841 -62.6068,-79.5678 -76.3867,-137.7168 -5.7925,-24.44496 -5.8182,-82.22872 -0.047,-106.2187 14.3139,-59.499 37.0193,-100.58879 78.1524,-141.43164 26.2429,-26.05773 26.5393,-30.6165 0.375,-5.77149 -36.6516,34.80357 -61.9953,75.05664 -76.9532,122.23047 -27.6649,87.24903 -5.7761,185.40796 57.2247,256.61916 47.7001,53.9166 108.0568,87.8106 181.6621,102.0156 66.7069,12.8738 140.9986,2.7958 201.5507,-27.3398 24.3738,-12.1304 40.6693,-22.1531 38.8985,-23.9239 -0.7067,-0.7067 -6.2591,1.8763 -12.3399,5.7383 -33.364,21.1899 -76.8567,36.6687 -121.5078,43.2442 -29.8693,4.3987 -43.9056,3.9272 -44.9355,-1.5079 -0.6011,-3.1723 2.4063,-4.0397 18.4531,-5.3261 60.6997,-4.866 116.8436,-25.4678 162.5234,-59.6367 64.0135,-47.8826 102.6588,-113.9346 109.5762,-187.28716 5.6655,-60.07793 -7.0895,-112.16397 -39.8711,-162.82617 -11.2745,-17.4242 -16.0548,-23.56393 -26.5996,-34.16797 -4.1275,-4.15066 -7.5039,-8.23287 -7.5039,-9.07031 0,-5.32511 -60.5344,-51.66601 -67.4902,-51.66601 -1.2233,0 -4.9825,-1.88619 -8.3535,-4.19141 -14.8955,-10.18605 -58.7316,-25.21418 -92.7188,-31.78516 -14.6954,-2.84117 -30.2027,-4.22171 -46.1172,-4.24804 z m -3.4668,36.86523 c 22.2717,0.0479 44.4979,2.22324 63.4375,6.66211 33.5187,7.85577 69.1537,24.94226 97.211,46.60937 17.7787,13.72945 48.2312,47.72014 59.2324,66.11719 23.1668,38.74098 37.5276,88.27537 37.5176,129.42774 0,24.56682 -7.711,64.86319 -16.8672,88.20509 -32.8308,83.6962 -109.8068,146.2455 -194.4121,157.9765 -39.8233,5.5217 -82.948,4.2623 -113.1446,-3.3027 -17.7885,-4.4565 -56.5279,-20.1977 -66.164,-26.8848 -3.371,-2.3394 -7.0081,-4.2956 -8.0821,-4.3476 -3.3562,-0.1609 -51.3245,-39.388 -51.4902,-42.1074 -0.06,-0.9864 -3.4527,-5.4701 -7.541,-9.9629 -18.1723,-19.97 -35.2405,-50.0354 -45.7578,-80.6074 -9.3773,-27.2583 -15.101,-74.50566 -11.7539,-97.00981 1.4298,-9.61386 2.5996,-24.59856 2.5996,-33.30078 0,-11.42825 0.8966,-16.16691 3.2304,-17.0625 1.7772,-0.68196 4.5205,-5.20915 6.0957,-10.06055 10.9274,-33.6537 32.7235,-68.48562 59.7969,-95.55859 28.8993,-28.89869 55.1222,-45.38531 98.2852,-61.79297 22.6102,-8.59489 55.2557,-13.06994 87.8066,-13 z m -2.6582,9.83984 c -27.0998,0.17144 -54.1152,4.23843 -77.6269,12.17969 -38.2305,12.91261 -69.0471,32.08169 -97.7578,60.80859 -17.5208,17.52977 -37.918,44.27287 -37.918,49.7129 0,1.33968 -0.7935,2.43554 -1.7637,2.43554 -3.5815,0 -16.6928,31.72166 -24.1094,58.33399 -7.0836,25.41752 -7.6675,83.81191 -1.0918,109.07425 11.7367,45.0895 35.821,86.5157 67.7969,116.6093 20.5368,19.3278 23.3327,21.4896 43.9004,33.9766 29.7958,18.0894 57.1834,27.8015 99.9941,35.4551 5.715,1.0216 22.8597,1.4563 38.0997,0.9668 63.9297,-2.0533 122.3393,-27.058 168.8867,-72.2969 1.7268,-1.6782 3.1406,-4.5605 3.1406,-6.4062 0,-1.8457 2.535,-4.3196 5.6348,-5.4981 7.6851,-2.9219 27.5096,-31.4004 39.4179,-56.625 33.6101,-71.1937 29.8113,-150.76552 -10.4336,-218.50781 -10.3129,-17.35903 -13.9128,-21.98587 -33.4648,-43.01367 -27.9891,-30.10187 -64.5754,-53.1969 -104.5684,-66.00976 -23.852,-7.64165 -51.0368,-11.36675 -78.1367,-11.19532 z m -1.1035,19.1211 c 11.4395,0.0245 23.0562,1.13298 37.7734,3.33203 49.0353,7.32685 92.2488,30.63047 128.2149,69.14258 54.6054,58.47099 73.68,145.5621 48.6914,222.32425 -23.7169,72.8557 -84.7692,130.2427 -157.9512,148.4707 -15.3169,3.8151 -29.1104,5.3337 -53.0293,5.834 -17.7799,0.3719 -34.4053,0.1641 -36.9453,-0.461 -2.54,-0.6251 -13.4491,-3.2358 -24.2441,-5.8008 -33.8678,-8.0471 -71.9602,-28.9408 -100.166,-54.9433 -14.0055,-12.9109 -34.3,-41.4153 -44.8204,-62.9492 -8.6689,-17.7441 -11.3546,-25.4746 -19.5078,-56.1446 -1.3504,-5.08 -2.4674,-24.82113 -2.4824,-43.87107 -0.036,-44.55259 5.1289,-67.12104 23.5098,-102.70312 12.5734,-24.33975 23.1334,-38.81219 41.5273,-56.91016 36.0157,-35.43635 74.1199,-54.73252 122.7207,-62.14844 14.0078,-2.13743 25.2695,-3.19641 36.709,-3.17187 z m 1.4551,7.33594 c -21.8245,-0.0399 -45.7635,4.16158 -74.4727,12.92382 -12.5044,3.81644 -35.516,16.3436 -53.7461,29.25977 -70.2195,49.75127 -105.1841,140.82033 -85.5234,222.75003 10.97,45.7144 38.2806,90.0033 73.3281,118.9121 30.0589,24.794 55.4212,37.2404 94.168,46.2148 v 0 c 31.5617,7.3069 56.8336,7.3079 89.207,0 72.8436,-16.4435 128.5994,-63.5152 157.3067,-132.8047 23.7776,-57.39082 19.6497,-127.88869 -10.6211,-181.41988 -4.0115,-7.09396 -8.5251,-15.15614 -10.0313,-17.91602 -3.8819,-7.11307 -27.865,-34.04882 -38.8262,-43.60742 -33.3454,-29.07861 -72.6429,-46.4566 -119.5703,-52.875 -6.9028,-0.94413 -13.9439,-1.42814 -21.2187,-1.4414 z m 350.5039,10.89453 c -0.9149,-0.18412 -0.2958,9.90107 1.9687,29.47656 4.3231,37.37149 -2.0714,89.55005 -16.8379,137.39453 -4.1523,13.4536 -8.163,22.51367 -9.9668,22.51367 -2.0636,0 -3.5146,5.29514 -4.5859,16.74024 -2.6228,28.02154 -10.6186,64.23219 -19.0137,86.10939 -1.1678,3.0431 2.8378,3.4174 30.6289,2.8574 l 31.9727,-0.6445 1.6523,-10.3907 c 0.9084,-5.715 2.7241,-22.8596 4.0352,-38.0996 1.311,-15.23974 3.4607,-39.65868 4.7773,-54.26363 2.547,-28.25324 7.0057,-175.89911 5.3672,-177.73243 -2.4645,-2.75741 -4.8311,6.77262 -7.3222,29.5 -3.448,31.45598 -4.4645,35.08789 -9.8321,35.08789 -3.9357,0 -4.3632,-2.02954 -4.4882,-21.35937 -0.076,-11.74746 -2.0367,-30.71067 -4.3575,-42.14063 -2.0282,-9.98889 -3.372,-14.92285 -3.998,-15.04882 z m -339.8184,28 c 15.0441,0.015 23.2047,0.94189 32.0215,3.22656 21.194,5.49192 39.7128,13.71227 57.9434,25.72265 15.8904,10.46859 43.0282,37.56817 49.0156,48.94532 1.7762,3.3751 6.098,11.33166 9.6035,17.68164 11.3254,20.51512 17.4988,43.87669 18.9395,71.68359 2.6756,51.64223 -10.3998,91.71683 -41.9864,128.69533 -23.9967,28.0929 -49.8297,45.0666 -84.6953,55.6504 -22.0514,6.6939 -58.046,9.48 -80.4551,6.2265 -39.6789,-5.7608 -75.2295,-24.4787 -104.0585,-54.7851 -21.2029,-22.2889 -29.9304,-36.6049 -40.6114,-66.6172 -6.244,-17.5448 -6.5742,-20.4439 -6.5742,-57.72657 0,-36.80019 0.389,-40.33688 6.2207,-56.57226 20.3255,-56.58523 60.5292,-97.14293 113.8027,-114.80079 15.9259,-5.27874 23.3833,-6.2663 53.2168,-7.05664 6.8233,-0.18075 12.6025,-0.27843 17.6172,-0.27343 z m -13.1426,6.34961 c -35.398,0.36067 -71.4812,11.8397 -99.5878,32.83398 -9.4741,7.07664 -11.6625,9.91623 -10.6446,13.80859 1.0976,4.19723 0.4099,4.7857 -4.7988,4.11329 -4.9919,-0.64443 -7.9423,1.48528 -16.4863,11.89843 -5.7238,6.97598 -10.4063,14.5431 -10.4063,16.81446 0,2.27136 -1.5985,4.74304 -3.5508,5.49218 -4.8114,1.84631 -16.0573,26.48459 -22.0371,48.28125 -4.0767,14.8598 -4.7292,22.34744 -3.8945,44.64649 0.8481,22.65766 2.1696,30.16491 8.5625,48.65231 21.1037,61.0283 72.0114,104.5775 136.373,116.6621 30.6264,5.7505 70.62,-0.3099 101.5997,-15.3964 59.4805,-28.9658 98.8912,-91.2752 99.0527,-156.60747 0.02,-8.25497 -0.8772,-19.16611 -1.9942,-24.24609 -3.4371,-15.63133 -9.6457,-36.82319 -11.5,-39.25391 -0.9689,-1.26999 -2.8816,-5.64016 -4.25,-9.71093 -6.9256,-20.60198 -49.8247,-67.64453 -61.6875,-67.64453 -3.5817,0 -5.7656,-1.30883 -5.7656,-3.45704 0,-4.53708 -19.392,-13.78819 -43.7734,-20.88085 -13.3915,-3.89565 -27.5104,-5.86114 -41.7871,-6.00586 -1.1402,-0.0116 -2.282,-0.0116 -3.4239,0 z m -461.7714,82.29882 0.7168,12.12305 c 0.3945,6.66748 0.3356,17.57666 -0.1309,24.24414 l -0.8477,12.12305 -0.4277,-11.66016 c -0.23481,-6.41348 -1.29749,-12.64898 -2.36327,-13.85547 -1.06577,-1.2065 -0.81605,-6.869 0.55664,-12.58398 z"
           style="opacity:1;fill:none;fill-opacity:0.97647059;stroke:#ffffff;stroke-width:7.25283051;stroke-miterlimit:4;stroke-dasharray:none;stroke-opacity:1"
           inkscape:connector-curvature="0" />
      </g>
    </g>
  </g>
</svg>
